"","gamma","lambda","mse"
"1",0.0820849986238988,0.0820849986238988,0.00967883146447479
"2",0.367879441171442,0.0820849986238988,0.00967883146447479
"3",1.64872127070013,0.0820849986238988,0.00967883146447479
"4",7.38905609893065,0.0820849986238988,0.00967883146447479
"5",33.1154519586923,0.0820849986238988,0.00967883146447479
"6",148.413159102577,0.0820849986238988,0.00967883146447479
"7",665.141633044362,0.0820849986238988,0.00967883146447479
"8",2980.95798704173,0.0820849986238988,0.00967883146447479
"9",0.0820849986238988,0.367879441171442,0.00967883146447479
"10",0.367879441171442,0.367879441171442,0.00967883146447479
"11",1.64872127070013,0.367879441171442,0.00967883146447479
"12",7.38905609893065,0.367879441171442,0.00967883146447479
"13",33.1154519586923,0.367879441171442,0.00967883146447479
"14",148.413159102577,0.367879441171442,0.00967883146447479
"15",665.141633044362,0.367879441171442,0.00967883146447479
"16",2980.95798704173,0.367879441171442,0.00967883146447479
"17",0.0820849986238988,1.64872127070013,0.00967883146447479
"18",0.367879441171442,1.64872127070013,0.00967883146447479
"19",1.64872127070013,1.64872127070013,0.00967883146447479
"20",7.38905609893065,1.64872127070013,0.00967883146447479
"21",33.1154519586923,1.64872127070013,0.00967883146447479
"22",148.413159102577,1.64872127070013,0.00967883146447479
"23",665.141633044362,1.64872127070013,0.00967883146447479
"24",2980.95798704173,1.64872127070013,0.00967883146447479
"25",0.0820849986238988,7.38905609893065,0.00967883146447479
"26",0.367879441171442,7.38905609893065,0.00967883146447479
"27",1.64872127070013,7.38905609893065,0.00967883146447479
"28",7.38905609893065,7.38905609893065,0.00967883146447479
"29",33.1154519586923,7.38905609893065,0.00967883146447479
"30",148.413159102577,7.38905609893065,0.00967883146447479
"31",665.141633044362,7.38905609893065,0.00967883146447479
"32",2980.95798704173,7.38905609893065,0.00967883146447479
"33",0.0820849986238988,33.1154519586923,0.00967883146447479
"34",0.367879441171442,33.1154519586923,0.00967883146447479
"35",1.64872127070013,33.1154519586923,0.00967883146447479
"36",7.38905609893065,33.1154519586923,0.00967883146447479
"37",33.1154519586923,33.1154519586923,0.00967883146447479
"38",148.413159102577,33.1154519586923,0.00967883146447479
"39",665.141633044362,33.1154519586923,0.00967883146447479
"40",2980.95798704173,33.1154519586923,0.00967883146447479
"41",0.0820849986238988,148.413159102577,0.00967883146447479
"42",0.367879441171442,148.413159102577,0.00967883146447479
"43",1.64872127070013,148.413159102577,0.00967883146447479
"44",7.38905609893065,148.413159102577,0.00967883146447479
"45",33.1154519586923,148.413159102577,0.00967883146447479
"46",148.413159102577,148.413159102577,0.00967883146447479
"47",665.141633044362,148.413159102577,0.00967883146447479
"48",2980.95798704173,148.413159102577,0.00967883146447479
"49",0.0820849986238988,665.141633044362,0.00967883146447479
"50",0.367879441171442,665.141633044362,0.00967883146447479
"51",1.64872127070013,665.141633044362,0.00967883146447479
"52",7.38905609893065,665.141633044362,0.00967883146447479
"53",33.1154519586923,665.141633044362,0.00967883146447479
"54",148.413159102577,665.141633044362,0.00967883146447479
"55",665.141633044362,665.141633044362,0.00967883146447479
"56",2980.95798704173,665.141633044362,0.00967883146447479
"57",0.0820849986238988,2980.95798704173,0.00967883146447479
"58",0.367879441171442,2980.95798704173,0.00967883146447479
"59",1.64872127070013,2980.95798704173,0.00967883146447479
"60",7.38905609893065,2980.95798704173,0.00967883146447479
"61",33.1154519586923,2980.95798704173,0.00967883146447479
"62",148.413159102577,2980.95798704173,0.00967883146447479
"63",665.141633044362,2980.95798704173,0.00967883146447479
"64",2980.95798704173,2980.95798704173,0.00967883146447479
