"","gamma","lambda","mse"
"1",0.0820849986238988,0.0820849986238988,0.0461678031919963
"2",0.367879441171442,0.0820849986238988,0.0461678031919963
"3",1.64872127070013,0.0820849986238988,0.0461678031919963
"4",7.38905609893065,0.0820849986238988,0.0461678031919963
"5",33.1154519586923,0.0820849986238988,0.0461678031919963
"6",148.413159102577,0.0820849986238988,0.0461678031919963
"7",665.141633044362,0.0820849986238988,0.0461678031919963
"8",2980.95798704173,0.0820849986238988,0.0461678031919963
"9",0.0820849986238988,0.367879441171442,0.0461678031919963
"10",0.367879441171442,0.367879441171442,0.0461678031919963
"11",1.64872127070013,0.367879441171442,0.0461678031919963
"12",7.38905609893065,0.367879441171442,0.0461678031919963
"13",33.1154519586923,0.367879441171442,0.0461678031919963
"14",148.413159102577,0.367879441171442,0.0461678031919963
"15",665.141633044362,0.367879441171442,0.0461678031919963
"16",2980.95798704173,0.367879441171442,0.0461678031919963
"17",0.0820849986238988,1.64872127070013,0.0461678031919963
"18",0.367879441171442,1.64872127070013,0.0461678031919963
"19",1.64872127070013,1.64872127070013,0.0461678031919963
"20",7.38905609893065,1.64872127070013,0.0461678031919963
"21",33.1154519586923,1.64872127070013,0.0461678031919963
"22",148.413159102577,1.64872127070013,0.0461678031919963
"23",665.141633044362,1.64872127070013,0.0461678031919963
"24",2980.95798704173,1.64872127070013,0.0461678031919963
"25",0.0820849986238988,7.38905609893065,0.0461678031919963
"26",0.367879441171442,7.38905609893065,0.0461678031919963
"27",1.64872127070013,7.38905609893065,0.0461678031919963
"28",7.38905609893065,7.38905609893065,0.0461678031919963
"29",33.1154519586923,7.38905609893065,0.0461678031919963
"30",148.413159102577,7.38905609893065,0.0461678031919963
"31",665.141633044362,7.38905609893065,0.0461678031919963
"32",2980.95798704173,7.38905609893065,0.0461678031919963
"33",0.0820849986238988,33.1154519586923,0.0461678031919963
"34",0.367879441171442,33.1154519586923,0.0461678031919963
"35",1.64872127070013,33.1154519586923,0.0461678031919963
"36",7.38905609893065,33.1154519586923,0.0461678031919963
"37",33.1154519586923,33.1154519586923,0.0461678031919963
"38",148.413159102577,33.1154519586923,0.0461678031919963
"39",665.141633044362,33.1154519586923,0.0461678031919963
"40",2980.95798704173,33.1154519586923,0.0461678031919963
"41",0.0820849986238988,148.413159102577,0.0461678031919963
"42",0.367879441171442,148.413159102577,0.0461678031919963
"43",1.64872127070013,148.413159102577,0.0461678031919963
"44",7.38905609893065,148.413159102577,0.0461678031919963
"45",33.1154519586923,148.413159102577,0.0461678031919963
"46",148.413159102577,148.413159102577,0.0461678031919963
"47",665.141633044362,148.413159102577,0.0461678031919963
"48",2980.95798704173,148.413159102577,0.0461678031919963
"49",0.0820849986238988,665.141633044362,0.0461678031919963
"50",0.367879441171442,665.141633044362,0.0461678031919963
"51",1.64872127070013,665.141633044362,0.0461678031919963
"52",7.38905609893065,665.141633044362,0.0461678031919963
"53",33.1154519586923,665.141633044362,0.0461678031919963
"54",148.413159102577,665.141633044362,0.0461678031919963
"55",665.141633044362,665.141633044362,0.0461678031919963
"56",2980.95798704173,665.141633044362,0.0461678031919963
"57",0.0820849986238988,2980.95798704173,0.0461678031919963
"58",0.367879441171442,2980.95798704173,0.0461678031919963
"59",1.64872127070013,2980.95798704173,0.0461678031919963
"60",7.38905609893065,2980.95798704173,0.0461678031919963
"61",33.1154519586923,2980.95798704173,0.0461678031919963
"62",148.413159102577,2980.95798704173,0.0461678031919963
"63",665.141633044362,2980.95798704173,0.0461678031919963
"64",2980.95798704173,2980.95798704173,0.0461678031919963
